(20.0, 3.0, 0.02)
  psi  RMSE mine  [0.456, 0.333, 0.28, 0.208, 0.207, 0.171, 0.164, 0.144, 0.136, 0.134, 0.119]
  psi  RMSE coder [0.487, 0.382, 0.309, 0.24, 0.204, 0.193, 0.177, 0.158, 0.145, 0.132, 0.113]
  stair RMSE mine  [0.433, 0.413, 0.325, 0.257, 0.199, 0.164, 0.136, 0.109, 0.098, 0.093, 0.084]
  stair RMSE coder [0.38, 0.385, 0.37, 0.281, 0.203, 0.173, 0.157, 0.13, 0.111, 0.098, 0.093]
  psi bias@60 mine -0.057 (se 0.013)  coder -0.059
(31.5, 6.0, 0.0)
  psi  RMSE mine  [0.396, 0.311, 0.282, 0.196, 0.163, 0.138, 0.136, 0.095, 0.086, 0.073, 0.057]
  psi  RMSE coder [0.392, 0.319, 0.242, 0.192, 0.179, 0.158, 0.133, 0.102, 0.084, 0.072, 0.063]
  stair RMSE mine  [0.455, 0.258, 0.197, 0.139, 0.11, 0.092, 0.085, 0.073, 0.066, 0.062, 0.059]
  stair RMSE coder [0.458, 0.267, 0.191, 0.144, 0.12, 0.11, 0.101, 0.08, 0.074, 0.067, 0.06]
  psi bias@60 mine -0.082 (se 0.009)  coder -0.077
(10.0, 1.5, 0.0)
  psi  RMSE mine  [0.452, 0.465, 0.389, 0.295, 0.258, 0.267, 0.251, 0.236, 0.219, 0.204, 0.195]
  psi  RMSE coder [0.518, 0.48, 0.392, 0.329, 0.299, 0.28, 0.268, 0.236, 0.229, 0.218, 0.206]
  stair RMSE mine  [0.569, 0.505, 0.523, 0.377, 0.31, 0.262, 0.233, 0.197, 0.173, 0.153, 0.144]
  stair RMSE coder [0.574, 0.48, 0.479, 0.372, 0.303, 0.253, 0.23, 0.191, 0.169, 0.158, 0.14]
  psi bias@60 mine -0.023 (se 0.020)  coder -0.038
(50.0, 3.0, 0.05)
  psi  RMSE mine  [0.524, 0.381, 0.282, 0.251, 0.214, 0.194, 0.185, 0.162, 0.145, 0.133, 0.12]
  psi  RMSE coder [0.488, 0.391, 0.308, 0.221, 0.208, 0.179, 0.175, 0.143, 0.132, 0.135, 0.124]
  stair RMSE mine  [0.369, 0.301, 0.264, 0.196, 0.175, 0.165, 0.149, 0.128, 0.113, 0.1, 0.087]
  stair RMSE coder [0.376, 0.337, 0.275, 0.208, 0.179, 0.162, 0.146, 0.129, 0.118, 0.107, 0.095]
  psi bias@60 mine -0.055 (se 0.014)  coder -0.051
